m=26 W20 descent s=11           {'0|(0, 4),(0, 5),(0, 6)': (1, 'forced:[0]', [[0, 2, 0, 0, 0, 0, 0, 0]]), '1|(1, 7)': (1, 'forced:[0]', [[1, 0, 0, 0, 0, 0, 0, 2]]), '1|(1, 5),(1, 6)': (1, 'forced:[0]', [[1, 1, 0, 0, 0, 0, 0, 0]]), '2|(2, 4),(2, 7)': (1, 'forced:[0]', [[1, 2, 1, 0, 0, 0, 0, 0]]), '2|(2, 6)': (1, 'forced:[0]', [[1, 2, 2, 0, 0, 0, 1, 0]]), '3|(3, 4),(3, 5),(3, 7)': (1, 'forced:[0]', [[1, 2, 0, 2, 0, 0, 0, 0]])}
m=26 W20 descent s=23           {'0|(0, 4),(0, 5),(0, 6)': (1, 'forced:[0]', [[0, 2, 0, 0, 0, 0, 0, 0]]), '1|(1, 7)': (1, 'forced:[0]', [[1, 0, 0, 0, 0, 0, 0, 2]]), '1|(1, 5),(1, 6)': (1, 'forced:[0]', [[1, 1, 0, 0, 0, 0, 0, 0]]), '2|(2, 4),(2, 7)': (1, 'forced:[0]', [[1, 2, 1, 0, 0, 0, 0, 0]]), '2|(2, 6)': (1, 'forced:[0]', [[1, 2, 2, 0, 0, 0, 1, 0]]), '3|(3, 4),(3, 5),(3, 7)': (1, 'forced:[0]', [[1, 2, 0, 2, 0, 0, 0, 0]])}
m=26 W20 descent s=37           {'0|(0, 4),(0, 5),(0, 6)': (1, 'forced:[0]', [[0, 2, 0, 0, 0, 0, 0, 0]]), '1|(1, 7)': (1, 'forced:[0]', [[1, 0, 0, 0, 0, 0, 0, 2]]), '1|(1, 5),(1, 6)': (1, 'forced:[0]', [[1, 1, 0, 0, 0, 0, 0, 0]]), '2|(2, 4),(2, 7)': (1, 'forced:[0]', [[1, 2, 1, 0, 0, 0, 0, 0]]), '2|(2, 6)': (1, 'forced:[0]', [[1, 2, 2, 0, 0, 0, 1, 0]]), '3|(3, 4),(3, 5),(3, 7)': (1, 'forced:[0]', [[1, 2, 0, 2, 0, 0, 0, 0]])}
m=27 W20 descent s=11           {'0|(0, 4),(0, 5),(0, 6)': (1, 'forced:[0]', [[0, 2, 0, 0, 0, 0, 0, 0]]), '1|(1, 7)': (1, 'forced:[0]', [[1, 0, 0, 0, 0, 0, 0, 2]]), '1|(1, 5),(1, 6)': (1, 'forced:[0]', [[1, 1, 0, 0, 0, 0, 0, 0]]), '2|(2, 4),(2, 7)': (1, 'forced:[0]', [[1, 2, 1, 0, 0, 0, 0, 0]]), '2|(2, 6)': (1, 'forced:[0]', [[1, 2, 2, 0, 0, 0, 1, 0]]), '3|(3, 4),(3, 5),(3, 7)': (1, 'forced:[0]', [[1, 2, 0, 2, 0, 0, 0, 0]])}
m=27 W20 descent s=23           {'0|(0, 4),(0, 5),(0, 6)': (1, 'forced:[0]', [[0, 2, 0, 0, 0, 0, 0, 0]]), '1|(1, 7)': (1, 'forced:[0]', [[1, 0, 0, 0, 0, 0, 0, 2]]), '1|(1, 5),(1, 6)': (1, 'forced:[0]', [[1, 1, 0, 0, 0, 0, 0, 0]]), '2|(2, 4),(2, 7)': (1, 'forced:[0]', [[1, 2, 1, 0, 0, 0, 0, 0]]), '2|(2, 6)': (1, 'forced:[0]', [[1, 2, 2, 0, 0, 0, 1, 0]]), '3|(3, 4),(3, 5),(3, 7)': (1, 'forced:[0]', [[1, 2, 0, 2, 0, 0, 0, 0]])}
m=27 W20 descent s=37           {'0|(0, 4),(0, 5),(0, 6)': (1, 'forced:[0]', [[0, 2, 0, 0, 0, 0, 0, 0]]), '1|(1, 7)': (1, 'forced:[0]', [[1, 0, 0, 0, 0, 0, 0, 2]]), '1|(1, 5),(1, 6)': (1, 'forced:[0]', [[1, 1, 0, 0, 0, 0, 0, 0]]), '2|(2, 4),(2, 7)': (1, 'forced:[0]', [[1, 2, 1, 0, 0, 0, 0, 0]]), '2|(2, 6)': (1, 'forced:[0]', [[1, 2, 2, 0, 0, 0, 1, 0]]), '3|(3, 4),(3, 5),(3, 7)': (1, 'forced:[0]', [[1, 2, 0, 2, 0, 0, 0, 0]])}
m=28 W20 descent s=11           {'0|(0, 4),(0, 5),(0, 6)': (1, 'forced:[0]', [[0, 2, 0, 0, 0, 0, 0, 0]]), '1|(1, 7)': (1, 'forced:[0]', [[1, 0, 0, 0, 0, 0, 0, 2]]), '1|(1, 5),(1, 6)': (1, 'forced:[0]', [[1, 1, 0, 0, 0, 0, 0, 0]]), '2|(2, 4),(2, 7)': (1, 'forced:[0]', [[1, 2, 1, 0, 0, 0, 0, 0]]), '2|(2, 6)': (1, 'forced:[0]', [[1, 2, 2, 0, 0, 0, 1, 0]]), '3|(3, 4),(3, 5),(3, 7)': (1, 'forced:[0]', [[1, 2, 0, 2, 0, 0, 0, 0]])}
m=28 W20 descent s=23           {'0|(0, 4),(0, 5),(0, 6)': (1, 'forced:[0]', [[0, 2, 0, 0, 0, 0, 0, 0]]), '1|(1, 7)': (1, 'forced:[0]', [[1, 0, 0, 0, 0, 0, 0, 2]]), '1|(1, 5),(1, 6)': (1, 'forced:[0]', [[1, 1, 0, 0, 0, 0, 0, 0]]), '2|(2, 4),(2, 7)': (1, 'forced:[0]', [[1, 2, 1, 0, 0, 0, 0, 0]]), '2|(2, 6)': (1, 'forced:[0]', [[1, 2, 2, 0, 0, 0, 1, 0]]), '3|(3, 4),(3, 5),(3, 7)': (1, 'forced:[0]', [[1, 2, 0, 2, 0, 0, 0, 0]])}
m=28 W20 descent s=37           {'0|(0, 4),(0, 5),(0, 6)': (1, 'forced:[0]', [[0, 2, 0, 0, 0, 0, 0, 0]]), '1|(1, 7)': (1, 'forced:[0]', [[1, 0, 0, 0, 0, 0, 0, 2]]), '1|(1, 5),(1, 6)': (1, 'forced:[0]', [[1, 1, 0, 0, 0, 0, 0, 0]]), '2|(2, 4),(2, 7)': (1, 'forced:[0]', [[1, 2, 1, 0, 0, 0, 0, 0]]), '2|(2, 6)': (1, 'forced:[0]', [[1, 2, 2, 0, 0, 0, 1, 0]]), '3|(3, 4),(3, 5),(3, 7)': (1, 'forced:[0]', [[1, 2, 0, 2, 0, 0, 0, 0]])}
m=28 W21break 2                 {'0|(0, 4),(0, 5),(0, 6)': (1, 'forced:[2]', [[0, 2, 0, 0, 1, 0, 2, 0]]), '1|(1, 7)': (1, 'forced:[0]', [[1, 0, 0, 0, 0, 0, 0, 2]]), '1|(1, 5),(1, 6)': (1, 'forced:[0]', [[1, 1, 0, 0, 0, 0, 0, 0]]), '2|(2, 4),(2, 7)': (2, 'inconsistent', [[1, 2, 1, 0, 0, 0, 0, 0], [1, 2, 1, 0, 0, 1, 0, 0]]), '2|(2, 6)': (1, 'forced:[0]', [[1, 2, 2, 0, 0, 0, 1, 0]]), '3|(3, 4),(3, 5),(3, 7)': (2, 'inconsistent', [[1, 2, 0, 2, 0, 0, 0, 0], [1, 2, 0, 2, 0, 2, 0, 0]])}
m=28 W21break 5                 {'0|(0, 4),(0, 5),(0, 6)': (1, 'forced:[0]', [[0, 2, 0, 0, 0, 0, 0, 0]]), '1|(1, 7)': (1, 'forced:[0]', [[1, 0, 0, 0, 0, 0, 0, 2]]), '1|(1, 5),(1, 6)': (1, 'forced:[0]', [[1, 1, 0, 0, 0, 0, 0, 0]]), '2|(2, 4),(2, 7)': (2, 'inconsistent', [[1, 2, 1, 0, 0, 0, 0, 0], [1, 2, 1, 0, 0, 0, 1, 0]]), '2|(2, 6)': (2, 'inconsistent', [[1, 2, 2, 0, 0, 0, 1, 0], [1, 2, 2, 0, 0, 0, 1, 2]]), '3|(3, 4),(3, 5),(3, 7)': (2, 'inconsistent', [[1, 2, 0, 2, 0, 0, 0, 0], [1, 2, 0, 2, 0, 0, 1, 0]])}
m=28 W21break 777               {'0|(0, 4),(0, 5),(0, 6)': (1, 'forced:[0]', [[0, 2, 0, 0, 0, 0, 0, 0]]), '1|(1, 7)': (1, 'forced:[0]', [[1, 0, 0, 0, 0, 0, 0, 2]]), '1|(1, 5),(1, 6)': (2, 'inconsistent', [[1, 1, 0, 0, 0, 0, 0, 0], [1, 1, 0, 1, 0, 0, 0, 0]]), '2|(2, 4),(2, 7)': (1, 'forced:[0]', [[1, 2, 1, 0, 0, 0, 0, 0]]), '2|(2, 6)': (2, 'inconsistent', [[1, 2, 2, 0, 0, 0, 1, 0], [1, 2, 2, 0, 0, 1, 1, 0]]), '3|(3, 4),(3, 5),(3, 7)': (1, 'forced:[0]', [[1, 2, 0, 2, 0, 0, 0, 0]])}
m=26 W21more 11                 {'0|(0, 4),(0, 5),(0, 6)': (1, 'forced:[0]', [[0, 2, 0, 0, 0, 0, 0, 0]]), '1|(1, 7)': (1, 'forced:[0]', [[1, 0, 0, 0, 0, 0, 0, 2]]), '1|(1, 5),(1, 6)': (1, 'forced:[0]', [[1, 1, 0, 0, 0, 0, 0, 0]]), '2|(2, 4),(2, 7)': (1, 'forced:[0]', [[1, 2, 1, 0, 0, 0, 0, 0]]), '2|(2, 6)': (1, 'forced:[0]', [[1, 2, 2, 0, 0, 0, 1, 0]]), '3|(3, 4),(3, 5),(3, 7)': (1, 'forced:[0]', [[1, 2, 0, 2, 0, 0, 0, 0]])}
m=26 W21more 23                 {'0|(0, 4),(0, 5),(0, 6)': (1, 'forced:[0]', [[0, 2, 0, 0, 0, 0, 0, 0]]), '1|(1, 7)': (1, 'forced:[0]', [[1, 0, 0, 0, 0, 0, 0, 2]]), '1|(1, 5),(1, 6)': (1, 'forced:[0]', [[1, 1, 0, 0, 0, 0, 0, 0]]), '2|(2, 4),(2, 7)': (1, 'forced:[0]', [[1, 2, 1, 0, 0, 0, 0, 0]]), '2|(2, 6)': (1, 'forced:[0]', [[1, 2, 2, 0, 0, 0, 1, 0]]), '3|(3, 4),(3, 5),(3, 7)': (1, 'forced:[0]', [[1, 2, 0, 2, 0, 0, 0, 0]])}
m=26 W21more 11                 {'0|(0, 4),(0, 5),(0, 6)': (1, 'forced:[0]', [[0, 2, 0, 0, 0, 0, 0, 0]]), '1|(1, 7)': (1, 'forced:[0]', [[1, 0, 0, 0, 0, 0, 0, 2]]), '1|(1, 5),(1, 6)': (1, 'forced:[0]', [[1, 1, 0, 0, 0, 0, 0, 0]]), '2|(2, 4),(2, 7)': (1, 'forced:[0]', [[1, 2, 1, 0, 0, 0, 0, 0]]), '2|(2, 6)': (1, 'forced:[0]', [[1, 2, 2, 0, 0, 0, 1, 0]]), '3|(3, 4),(3, 5),(3, 7)': (1, 'forced:[0]', [[1, 2, 0, 2, 0, 0, 0, 0]])}
m=26 W21more 23                 {'0|(0, 4),(0, 5),(0, 6)': (1, 'forced:[0]', [[0, 2, 0, 0, 0, 0, 0, 0]]), '1|(1, 7)': (1, 'forced:[0]', [[1, 0, 0, 0, 0, 0, 0, 2]]), '1|(1, 5),(1, 6)': (1, 'forced:[0]', [[1, 1, 0, 0, 0, 0, 0, 0]]), '2|(2, 4),(2, 7)': (1, 'forced:[0]', [[1, 2, 1, 0, 0, 0, 0, 0]]), '2|(2, 6)': (1, 'forced:[0]', [[1, 2, 2, 0, 0, 0, 1, 0]]), '3|(3, 4),(3, 5),(3, 7)': (1, 'forced:[0]', [[1, 2, 0, 2, 0, 0, 0, 0]])}
m=26 W21more 11                 {'0|(0, 4),(0, 5),(0, 6)': (1, 'forced:[0]', [[0, 2, 0, 0, 0, 0, 0, 0]]), '1|(1, 7)': (1, 'forced:[0]', [[1, 0, 0, 0, 0, 0, 0, 2]]), '1|(1, 5),(1, 6)': (1, 'forced:[0]', [[1, 1, 0, 0, 0, 0, 0, 0]]), '2|(2, 4),(2, 7)': (1, 'forced:[0]', [[1, 2, 1, 0, 0, 0, 0, 0]]), '2|(2, 6)': (1, 'forced:[0]', [[1, 2, 2, 0, 0, 0, 1, 0]]), '3|(3, 4),(3, 5),(3, 7)': (1, 'forced:[0]', [[1, 2, 0, 2, 0, 0, 0, 0]])}
m=26 W21more 23                 {'0|(0, 4),(0, 5),(0, 6)': (1, 'forced:[0]', [[0, 2, 0, 0, 0, 0, 0, 0]]), '1|(1, 7)': (1, 'forced:[0]', [[1, 0, 0, 0, 0, 0, 0, 2]]), '1|(1, 5),(1, 6)': (1, 'forced:[0]', [[1, 1, 0, 0, 0, 0, 0, 0]]), '2|(2, 4),(2, 7)': (1, 'forced:[0]', [[1, 2, 1, 0, 0, 0, 0, 0]]), '2|(2, 6)': (1, 'forced:[0]', [[1, 2, 2, 0, 0, 0, 1, 0]]), '3|(3, 4),(3, 5),(3, 7)': (1, 'forced:[0]', [[1, 2, 0, 2, 0, 0, 0, 0]])}
m=26 W21more 11                 {'0|(0, 4),(0, 5),(0, 6)': (1, 'forced:[0]', [[0, 2, 0, 0, 0, 0, 0, 0]]), '1|(1, 7)': (1, 'forced:[0]', [[1, 0, 0, 0, 0, 0, 0, 2]]), '1|(1, 5),(1, 6)': (1, 'forced:[0]', [[1, 1, 0, 0, 0, 0, 0, 0]]), '2|(2, 4),(2, 7)': (1, 'forced:[0]', [[1, 2, 1, 0, 0, 0, 0, 0]]), '2|(2, 6)': (1, 'forced:[0]', [[1, 2, 2, 0, 0, 0, 1, 0]]), '3|(3, 4),(3, 5),(3, 7)': (1, 'forced:[0]', [[1, 2, 0, 2, 0, 0, 0, 0]])}
m=26 W21more 23                 {'0|(0, 4),(0, 5),(0, 6)': (1, 'forced:[0]', [[0, 2, 0, 0, 0, 0, 0, 0]]), '1|(1, 7)': (1, 'forced:[0]', [[1, 0, 0, 0, 0, 0, 0, 2]]), '1|(1, 5),(1, 6)': (1, 'forced:[0]', [[1, 1, 0, 0, 0, 0, 0, 0]]), '2|(2, 4),(2, 7)': (1, 'forced:[0]', [[1, 2, 1, 0, 0, 0, 0, 0]]), '2|(2, 6)': (1, 'forced:[0]', [[1, 2, 2, 0, 0, 0, 1, 0]]), '3|(3, 4),(3, 5),(3, 7)': (1, 'forced:[0]', [[1, 2, 0, 2, 0, 0, 0, 0]])}
m=27 W21more 11                 {'0|(0, 4),(0, 5),(0, 6)': (1, 'forced:[0]', [[0, 2, 0, 0, 0, 0, 0, 0]]), '1|(1, 7)': (1, 'forced:[0]', [[1, 0, 0, 0, 0, 0, 0, 2]]), '1|(1, 5),(1, 6)': (1, 'forced:[0]', [[1, 1, 0, 0, 0, 0, 0, 0]]), '2|(2, 4),(2, 7)': (1, 'forced:[0]', [[1, 2, 1, 0, 0, 0, 0, 0]]), '2|(2, 6)': (1, 'forced:[0]', [[1, 2, 2, 0, 0, 0, 1, 0]]), '3|(3, 4),(3, 5),(3, 7)': (1, 'forced:[0]', [[1, 2, 0, 2, 0, 0, 0, 0]])}
