(i) h=2: 265 0/1 matrices with no zero line, 0 T2 violations [2s]
(i) h=3: 265 0/1 matrices with no zero line, 45 T2 violations [26s]
    VIOLATION {'A': [[0, 0, 1], [0, 1, 0], [1, 0, 0]], 'bad': [[0, 0, 1, 2], [0, 2, 1, 0]], 'dimL': 136}
    VIOLATION {'A': [[1, 0, 1], [0, 1, 0], [1, 0, 0]], 'bad': [[0, 2, 1, 0]], 'dimL': 136}
    VIOLATION {'A': [[0, 1, 1], [0, 1, 0], [1, 0, 0]], 'bad': [[0, 2, 1, 0]], 'dimL': 136}
    VIOLATION {'A': [[1, 1, 1], [0, 1, 0], [1, 0, 0]], 'bad': [[0, 2, 1, 0]], 'dimL': 136}
    VIOLATION {'A': [[0, 0, 1], [1, 1, 0], [1, 0, 0]], 'bad': [[0, 2, 1, 0]], 'dimL': 136}
    VIOLATION {'A': [[1, 0, 1], [1, 1, 0], [1, 0, 0]], 'bad': [[0, 2, 1, 0]], 'dimL': 136}
    VIOLATION {'A': [[0, 1, 1], [1, 1, 0], [1, 0, 0]], 'bad': [[0, 2, 1, 0]], 'dimL': 136}
    VIOLATION {'A': [[1, 1, 1], [1, 1, 0], [1, 0, 0]], 'bad': [[0, 2, 1, 0]], 'dimL': 136}
    VIOLATION {'A': [[0, 0, 1], [0, 1, 1], [1, 0, 0]], 'bad': [[0, 0, 1, 2]], 'dimL': 136}
    VIOLATION {'A': [[1, 0, 0], [0, 0, 1], [0, 1, 0]], 'bad': [[0, 1, 0, 2], [0, 1, 2, 0]], 'dimL': 136}
    VIOLATION {'A': [[1, 1, 0], [0, 0, 1], [0, 1, 0]], 'bad': [[0, 1, 2, 0]], 'dimL': 136}
    VIOLATION {'A': [[1, 0, 1], [0, 0, 1], [0, 1, 0]], 'bad': [[0, 1, 0, 2]], 'dimL': 136}
    VIOLATION {'A': [[1, 0, 0], [1, 0, 1], [0, 1, 0]], 'bad': [[0, 1, 2, 0]], 'dimL': 136}
    VIOLATION {'A': [[1, 1, 0], [1, 0, 1], [0, 1, 0]], 'bad': [[0, 1, 2, 0]], 'dimL': 136}
    VIOLATION {'A': [[1, 0, 0], [0, 1, 1], [0, 1, 0]], 'bad': [[0, 1, 2, 0]], 'dimL': 136}
    VIOLATION {'A': [[1, 1, 0], [0, 1, 1], [0, 1, 0]], 'bad': [[0, 1, 2, 0]], 'dimL': 136}
    VIOLATION {'A': [[1, 0, 0], [1, 1, 1], [0, 1, 0]], 'bad': [[0, 1, 2, 0]], 'dimL': 136}
    VIOLATION {'A': [[1, 1, 0], [1, 1, 1], [0, 1, 0]], 'bad': [[0, 1, 2, 0]], 'dimL': 136}
    VIOLATION {'A': [[0, 0, 1], [0, 1, 0], [1, 1, 0]], 'bad': [[0, 0, 1, 2]], 'dimL': 136}
    VIOLATION {'A': [[1, 0, 0], [0, 0, 1], [1, 1, 0]], 'bad': [[0, 1, 0, 2]], 'dimL': 136}
    VIOLATION {'A': [[1, 0, 1], [0, 0, 1], [1, 1, 0]], 'bad': [[0, 1, 0, 2]], 'dimL': 136}
    VIOLATION {'A': [[0, 0, 1], [0, 1, 1], [1, 1, 0]], 'bad': [[0, 0, 1, 2]], 'dimL': 136}
    VIOLATION {'A': [[0, 1, 0], [1, 0, 0], [0, 0, 1]], 'bad': [[0, 0, 2, 1], [0, 2, 0, 1]], 'dimL': 136}
    VIOLATION {'A': [[1, 1, 0], [1, 0, 0], [0, 0, 1]], 'bad': [[0, 2, 0, 1]], 'dimL': 136}
    VIOLATION {'A': [[0, 1, 1], [1, 0, 0], [0, 0, 1]], 'bad': [[0, 2, 0, 1]], 'dimL': 136}
    VIOLATION {'A': [[1, 1, 1], [1, 0, 0], [0, 0, 1]], 'bad': [[0, 2, 0, 1]], 'dimL': 136}
    VIOLATION {'A': [[0, 1, 0], [1, 1, 0], [0, 0, 1]], 'bad': [[0, 0, 2, 1]], 'dimL': 136}
    VIOLATION {'A': [[0, 1, 0], [1, 0, 1], [0, 0, 1]], 'bad': [[0, 0, 2, 1]], 'dimL': 136}
    VIOLATION {'A': [[0, 1, 0], [1, 1, 1], [0, 0, 1]], 'bad': [[0, 0, 2, 1]], 'dimL': 136}
    VIOLATION {'A': [[0, 1, 0], [1, 0, 0], [1, 0, 1]], 'bad': [[0, 2, 0, 1]], 'dimL': 136}
    VIOLATION {'A': [[1, 1, 0], [1, 0, 0], [1, 0, 1]], 'bad': [[0, 2, 0, 1]], 'dimL': 136}
    VIOLATION {'A': [[0, 1, 1], [1, 0, 0], [1, 0, 1]], 'bad': [[0, 2, 0, 1]], 'dimL': 136}
    VIOLATION {'A': [[1, 1, 1], [1, 0, 0], [1, 0, 1]], 'bad': [[0, 2, 0, 1]], 'dimL': 136}
    VIOLATION {'A': [[0, 0, 1], [0, 1, 0], [1, 0, 1]], 'bad': [[0, 0, 1, 2]], 'dimL': 136}
    VIOLATION {'A': [[0, 0, 1], [0, 1, 1], [1, 0, 1]], 'bad': [[0, 0, 1, 2]], 'dimL': 136}
    VIOLATION {'A': [[0, 1, 0], [1, 0, 0], [0, 1, 1]], 'bad': [[0, 0, 2, 1]], 'dimL': 136}
    VIOLATION {'A': [[0, 1, 0], [1, 1, 0], [0, 1, 1]], 'bad': [[0, 0, 2, 1]], 'dimL': 136}
    VIOLATION {'A': [[1, 0, 0], [0, 0, 1], [0, 1, 1]], 'bad': [[0, 1, 0, 2]], 'dimL': 136}
    VIOLATION {'A': [[1, 0, 1], [0, 0, 1], [0, 1, 1]], 'bad': [[0, 1, 0, 2]], 'dimL': 136}
    VIOLATION {'A': [[0, 1, 0], [1, 0, 1], [0, 1, 1]], 'bad': [[0, 0, 2, 1]], 'dimL': 136}
    VIOLATION {'A': [[0, 1, 0], [1, 1, 1], [0, 1, 1]], 'bad': [[0, 0, 2, 1]], 'dimL': 136}
    VIOLATION {'A': [[0, 0, 1], [0, 1, 0], [1, 1, 1]], 'bad': [[0, 0, 1, 2]], 'dimL': 136}
    VIOLATION {'A': [[1, 0, 0], [0, 0, 1], [1, 1, 1]], 'bad': [[0, 1, 0, 2]], 'dimL': 136}
    VIOLATION {'A': [[1, 0, 1], [0, 0, 1], [1, 1, 1]], 'bad': [[0, 1, 0, 2]], 'dimL': 136}
    VIOLATION {'A': [[0, 0, 1], [0, 1, 1], [1, 1, 1]], 'bad': [[0, 0, 1, 2]], 'dimL': 136}
(ii) 109 orbit representatives over {-1,0,1} with no zero line
    ... 0/109 [0s]
    VIOLATION [[-1, -1, -1], [-1, -1, 0], [-1, 0, 0]] [(0, 2, 1, 0)]
    VIOLATION [[-1, -1, -1], [-1, 0, 0], [-1, 0, 1]] [(0, 2, 0, 1)]
    VIOLATION [[-1, -1, -1], [-1, 0, 0], [0, 0, -1]] [(0, 2, 0, 1)]
    ... 50/109 [6s]
    VIOLATION [[-1, -1, 0], [-1, 0, -1], [0, -1, 0]] [(0, 1, 2, 0)]
    VIOLATION [[-1, -1, 0], [-1, 0, 0], [-1, 0, -1]] [(0, 2, 0, 1)]
    VIOLATION [[-1, -1, 0], [-1, 0, 0], [0, 0, -1]] [(0, 2, 0, 1)]
    VIOLATION [[-1, -1, 0], [0, 0, -1], [0, -1, 0]] [(0, 1, 2, 0)]
    VIOLATION [[-1, 0, 0], [-1, 0, -1], [0, -1, 0]] [(0, 1, 2, 0)]
    ... 100/109 [11s]
    VIOLATION [[-1, 0, 0], [0, 0, -1], [0, -1, 0]] [(0, 1, 0, 2), (0, 1, 2, 0)]
(ii) h=3: 109 reps, 9 T2 violations [12s]
(iii) h=3: 58 random low-rank no-zero-line matrices, 0 violations [10s]
(iii) h=4: 18 random low-rank no-zero-line matrices, 0 violations [68s]
(v) h=5 A=identity: ranks [802, 802] (structural bound 802); multi-colour monomials NOT excluded: [] [51s]
(v) h=5 A=all-ones J: ranks [686, 686] (structural bound 802); multi-colour monomials NOT excluded: [] [96s]
(v) h=5 A=random: ranks [802, 802] (structural bound 802); multi-colour monomials NOT excluded: [] [139s]
(v) h=5 A=single cell E22: ranks [686, 686] (structural bound 802); multi-colour monomials NOT excluded: [[0, 0, 1, 4], [0, 0, 2, 3], [0, 0, 3, 2], [0, 0, 4, 1], [0, 1, 0, 4], [0, 2, 0, 3], [0, 3, 0, 2], [0, 4, 0, 1], [1, 0, 1, 3], [1, 0, 2, 2], [1, 0, 3, 1], [1, 1, 0, 3], [1, 2, 0, 2], [1, 3, 0, 1], [2, 0, 1, 2], [2, 0, 2, 1], [2, 1, 0, 2], [2, 2, 0, 1], [3, 0, 1, 1], [3, 1, 0, 1]] [177s]
