   [ck gb6-0] 0.6s
   [ck gb6-1] 1.6s
   [ck gb6-2] 2.6s
   [ck gb6-3] 3.5s
   [ck gb6-4] 4.2s
   [ck gb6-5] 5.5s
   [ck gb6-6] 7.0s
   [ck gb6-7] 7.5s
   [ck gb6-8] 8.0s
   [ck gb6-9] 8.4s
   [ck gb6-10] 9.2s
   [ck gb6-11] 9.8s
   [ck gb6-12] 10.2s
gb6 True
x3 {'objects': 6, 'site_checks': 60, 'violations': 0, 'normal_form_failures': 0, 'cases': {'[[3, 4, 5, 6, 7, 8], [3, 4, 5, 6, 7, 8], [3, 4, 5, 6, 7, 8]]': 60}, 'PASS': True}
   [ck x3] 21.4s
   [ck n10k3-0] 22.9s
   [ck n10k3-50] 30.2s
   [ck n10k3-100] 37.9s
   [ck n10k3-150] 45.7s
   [ck n10k3-200] 53.6s
   [ck n10k3-250] 61.5s
   [ck n10k3-300] 69.6s
   [ck n10k3-350] 77.8s
k3 {'n_orbits': 386, 'n_sat': 386, 'vars': 35826, 'clauses': 77070, 'PASS': True}
   [ck k3] 83.5s
k4 {'checked': 42, 'n_sat': 35, 'sat_cases': [[[], [], []], [[3, 4, 5, 6, 7, 8], [3, 4, 5, 6, 7, 8], [3, 4, 5, 6, 7, 8]], [[3], [4, 5, 6], [4, 5, 7, 8]], [[3, 4, 5, 6, 7], [3, 4, 5, 6, 7], [3, 4, 5, 6, 7]], [[3, 4], [3, 5], [4, 6, 7, 8]], [[3, 4, 5, 6], [3, 4, 5, 6], [3, 4, 5, 6]], [[3, 4, 5, 6], [3, 4, 5, 6, 7, 8], [3, 4, 5, 6, 7, 8]], [[3, 4, 5], [3, 4, 6, 7], [5, 6, 7, 8]], [[], [3], [4, 5, 6, 7]], [[3, 4], [5, 6, 7], [3, 4, 5, 6]], [[3], [4, 5, 6], [3, 4, 5, 7]], [[3, 4, 5], [3, 4, 6, 7], [3, 6, 7, 8]], [[], [3, 4], [5, 6, 7, 8]], [[3], [3, 4], [4, 5, 6]], [[3], [3], [4, 5, 6, 7]], [[3, 4], [5, 6], [3, 4, 7]], [[3, 4], [5, 6, 7], [3, 5, 6, 7]], [[3], [4, 5, 6], [3, 4, 5, 6]], [[3, 4], [5, 6], [3, 4, 5, 7]], [[3], [3], [3, 4]], [[3, 4, 5], [3, 4, 6], [5, 6, 7]], [[3, 4, 5, 6], [3, 4, 5, 6, 7], [3, 4, 5, 6, 7, 8]], [[3], [3, 4, 5], [3, 6, 7]], [[3, 4], [3, 4, 5], [3, 5, 6, 7]], [[3], [4, 5], [3, 4, 5]], [[3], [3, 4], [5, 6, 7]], [[], [3, 4, 5], [3, 6, 7, 8]], [[3], [4], [3, 4, 5, 6, 7]], [[3, 4, 5], [6, 7, 8], [3, 4, 6, 7]], [[3, 4], [3, 5, 6], [3, 5, 7, 8]], [[3], [4], [5, 6]], [[3], [4], [5, 6, 7]], [[], [], []], [[], [], [3, 4]], [[3], [3, 4], [4, 5, 6, 7]]]}
   [ck final] 177.3s
