CONTROL: full enumeration of graphs on 8 vertices up to isomorphism
   |E|= 1 :      1 iso-classes
   |E|= 2 :      2 iso-classes
   |E|= 3 :      5 iso-classes
   |E|= 4 :     11 iso-classes
   |E|= 5 :     24 iso-classes
   |E|= 6 :     56 iso-classes
   |E|= 7 :    115 iso-classes
   |E|= 8 :    221 iso-classes
   |E|= 9 :    402 iso-classes
   |E|=10 :    663 iso-classes
   |E|=11 :    980 iso-classes
   |E|=12 :   1312 iso-classes
   |E|=13 :   1557 iso-classes
   |E|=14 :   1646 iso-classes
   |E|=15 :   1557 iso-classes
   |E|=16 :   1312 iso-classes
  reproduces A008406 row 8 (prefix |E|<=16): True

Gamma iso-classes with 8<=|E|<=16, maxdeg<=4, spanning 2-connected: 794
  admissible Gammas outside 8..16 edges: 0 (must be 0)
   ... 200
   ... 400
   ... 600

|E|  #classes  #with|F|<3   min|F|  max|F|   sum orbit
  8         1          1       2       2         2520
  9         6          4       2       3        84000
 10        40         20       0       5       835800
 11       129         34       0       6      3213840
 12       230         15       0       9      5872860
 13       224          1       2      11      5565000
 14       123          0       6      14      2652300
 15        35          0       8      18       518000
 16         6          0      14      24        19355

Gamma classes with |F(Gamma)| < 3 (need the extra-matching analysis): 75
   |E|=8  |F|=2  deg=[2, 2, 2, 2, 2, 2, 2, 2]  edges=[[0, 6], [0, 7], [1, 5], [1, 7], [2, 4], [2, 6], [3, 4], [3, 5]]
   |E|=9  |F|=2  deg=[2, 2, 2, 2, 2, 2, 3, 3]  edges=[[0, 5], [0, 6], [0, 7], [1, 4], [1, 6], [1, 7], [2, 3], [2, 5], [3, 4]]
   |E|=9  |F|=2  deg=[2, 2, 2, 2, 2, 2, 3, 3]  edges=[[0, 4], [0, 6], [0, 7], [1, 3], [1, 5], [1, 7], [2, 5], [2, 6], [3, 4]]
   |E|=9  |F|=2  deg=[2, 2, 2, 2, 2, 2, 3, 3]  edges=[[0, 1], [0, 6], [0, 7], [1, 5], [1, 7], [2, 4], [2, 6], [3, 4], [3, 5]]
   |E|=9  |F|=2  deg=[2, 2, 2, 2, 2, 2, 3, 3]  edges=[[0, 3], [0, 6], [0, 7], [1, 5], [1, 7], [2, 4], [2, 6], [3, 4], [3, 5]]
   |E|=10  |F|=0  deg=[2, 2, 2, 2, 2, 2, 4, 4]  edges=[[0, 4], [0, 5], [0, 6], [0, 7], [1, 3], [1, 5], [1, 6], [1, 7], [2, 3], [2, 4]]
   |E|=10  |F|=0  deg=[2, 2, 2, 2, 2, 3, 3, 4]  edges=[[0, 4], [0, 5], [0, 6], [0, 7], [1, 3], [1, 6], [1, 7], [2, 3], [2, 4], [2, 5]]
   |E|=10  |F|=2  deg=[2, 2, 2, 2, 2, 2, 4, 4]  edges=[[0, 4], [0, 5], [0, 6], [0, 7], [1, 2], [1, 3], [1, 6], [1, 7], [2, 5], [3, 4]]
   |E|=10  |F|=2  deg=[2, 2, 2, 2, 2, 3, 3, 4]  edges=[[0, 4], [0, 5], [0, 6], [0, 7], [1, 2], [1, 6], [1, 7], [2, 3], [2, 5], [3, 4]]
   |E|=10  |F|=2  deg=[2, 2, 2, 2, 2, 2, 4, 4]  edges=[[0, 1], [0, 5], [0, 6], [0, 7], [1, 4], [1, 6], [1, 7], [2, 3], [2, 5], [3, 4]]
   |E|=10  |F|=2  deg=[2, 2, 2, 2, 2, 3, 3, 4]  edges=[[0, 2], [0, 5], [0, 6], [0, 7], [1, 4], [1, 6], [1, 7], [2, 3], [2, 5], [3, 4]]
   |E|=10  |F|=2  deg=[2, 2, 2, 2, 2, 3, 3, 4]  edges=[[0, 3], [0, 5], [0, 6], [0, 7], [1, 4], [1, 6], [1, 7], [2, 3], [2, 5], [3, 4]]
   |E|=10  |F|=2  deg=[2, 2, 2, 2, 2, 3, 3, 4]  edges=[[0, 4], [0, 5], [0, 6], [0, 7], [1, 4], [1, 6], [1, 7], [2, 3], [2, 5], [3, 4]]
   |E|=10  |F|=2  deg=[2, 2, 2, 2, 3, 3, 3, 3]  edges=[[0, 5], [0, 6], [0, 7], [1, 3], [1, 6], [1, 7], [2, 3], [2, 4], [2, 5], [3, 4]]
   |E|=10  |F|=2  deg=[2, 2, 2, 2, 2, 2, 4, 4]  edges=[[0, 1], [0, 4], [0, 6], [0, 7], [1, 3], [1, 5], [1, 7], [2, 5], [2, 6], [3, 4]]
   |E|=10  |F|=2  deg=[2, 2, 2, 2, 2, 3, 3, 4]  edges=[[0, 2], [0, 4], [0, 6], [0, 7], [1, 3], [1, 5], [1, 7], [2, 5], [2, 6], [3, 4]]
   |E|=10  |F|=2  deg=[2, 2, 2, 2, 2, 3, 3, 4]  edges=[[0, 3], [0, 4], [0, 6], [0, 7], [1, 3], [1, 5], [1, 7], [2, 5], [2, 6], [3, 4]]
   |E|=10  |F|=2  deg=[2, 2, 2, 2, 3, 3, 3, 3]  edges=[[0, 4], [0, 6], [0, 7], [1, 3], [1, 5], [1, 7], [2, 3], [2, 5], [2, 6], [3, 4]]
   |E|=10  |F|=2  deg=[2, 2, 2, 2, 2, 3, 3, 4]  edges=[[0, 1], [0, 2], [0, 6], [0, 7], [1, 5], [1, 7], [2, 4], [2, 6], [3, 4], [3, 5]]
   |E|=10  |F|=2  deg=[2, 2, 2, 2, 2, 3, 3, 4]  edges=[[0, 1], [0, 3], [0, 6], [0, 7], [1, 5], [1, 7], [2, 4], [2, 6], [3, 4], [3, 5]]
   |E|=10  |F|=2  deg=[2, 2, 2, 2, 3, 3, 3, 3]  edges=[[0, 3], [0, 6], [0, 7], [1, 2], [1, 5], [1, 7], [2, 4], [2, 6], [3, 4], [3, 5]]
   |E|=10  |F|=2  deg=[2, 2, 2, 2, 3, 3, 3, 3]  edges=[[0, 2], [0, 6], [0, 7], [1, 3], [1, 5], [1, 7], [2, 4], [2, 6], [3, 4], [3, 5]]
   |E|=10  |F|=2  deg=[2, 2, 2, 2, 3, 3, 3, 3]  edges=[[0, 4], [0, 6], [0, 7], [1, 2], [1, 3], [1, 7], [2, 6], [3, 4], [3, 5], [4, 5]]
   |E|=10  |F|=2  deg=[2, 2, 2, 2, 3, 3, 3, 3]  edges=[[0, 1], [0, 6], [0, 7], [1, 4], [1, 7], [2, 3], [2, 6], [3, 4], [3, 5], [4, 5]]
   |E|=10  |F|=2  deg=[2, 2, 2, 2, 3, 3, 3, 3]  edges=[[0, 6], [0, 7], [1, 2], [1, 4], [1, 7], [2, 3], [2, 6], [3, 4], [3, 5], [4, 5]]
   |E|=11  |F|=0  deg=[2, 2, 2, 2, 2, 4, 4, 4]  edges=[[0, 4], [0, 5], [0, 6], [0, 7], [1, 2], [1, 3], [1, 6], [1, 7], [2, 3], [2, 4], [2, 5]]
   |E|=11  |F|=0  deg=[2, 2, 2, 2, 3, 3, 4, 4]  edges=[[0, 3], [0, 5], [0, 6], [0, 7], [1, 3], [1, 4], [1, 6], [1, 7], [2, 3], [2, 4], [2, 5]]
   |E|=11  |F|=0  deg=[2, 2, 2, 2, 3, 3, 4, 4]  edges=[[0, 3], [0, 5], [0, 6], [0, 7], [1, 2], [1, 5], [1, 6], [1, 7], [2, 3], [2, 4], [3, 4]]
   |E|=11  |F|=2  deg=[2, 2, 2, 2, 3, 3, 4, 4]  edges=[[0, 4], [0, 5], [0, 6], [0, 7], [1, 2], [1, 3], [1, 6], [1, 7], [2, 3], [2, 5], [3, 4]]
   |E|=11  |F|=2  deg=[2, 2, 2, 2, 2, 4, 4, 4]  edges=[[0, 2], [0, 5], [0, 6], [0, 7], [1, 2], [1, 4], [1, 6], [1, 7], [2, 3], [2, 5], [3, 4]]
   |E|=11  |F|=2  deg=[2, 2, 2, 2, 3, 3, 4, 4]  edges=[[0, 3], [0, 5], [0, 6], [0, 7], [1, 2], [1, 4], [1, 6], [1, 7], [2, 3], [2, 5], [3, 4]]
   |E|=11  |F|=2  deg=[2, 2, 2, 2, 3, 3, 4, 4]  edges=[[0, 4], [0, 5], [0, 6], [0, 7], [1, 2], [1, 4], [1, 6], [1, 7], [2, 3], [2, 5], [3, 4]]
   |E|=11  |F|=2  deg=[2, 2, 2, 2, 3, 3, 4, 4]  edges=[[0, 2], [0, 5], [0, 6], [0, 7], [1, 3], [1, 4], [1, 6], [1, 7], [2, 3], [2, 5], [3, 4]]
   |E|=11  |F|=2  deg=[2, 2, 2, 2, 3, 3, 4, 4]  edges=[[0, 4], [0, 5], [0, 6], [0, 7], [1, 3], [1, 4], [1, 6], [1, 7], [2, 3], [2, 5], [3, 4]]
   |E|=11  |F|=2  deg=[2, 2, 2, 2, 3, 3, 4, 4]  edges=[[0, 4], [0, 5], [0, 6], [0, 7], [1, 4], [1, 5], [1, 6], [1, 7], [2, 3], [2, 5], [3, 4]]
   |E|=11  |F|=2  deg=[2, 2, 2, 2, 3, 3, 4, 4]  edges=[[0, 3], [0, 5], [0, 6], [0, 7], [1, 2], [1, 6], [1, 7], [2, 3], [2, 4], [2, 5], [3, 4]]
   |E|=11  |F|=2  deg=[2, 2, 2, 2, 3, 3, 4, 4]  edges=[[0, 1], [0, 5], [0, 6], [0, 7], [1, 3], [1, 6], [1, 7], [2, 3], [2, 4], [2, 5], [3, 4]]
   |E|=11  |F|=2  deg=[2, 2, 2, 2, 3, 3, 4, 4]  edges=[[0, 2], [0, 5], [0, 6], [0, 7], [1, 3], [1, 6], [1, 7], [2, 3], [2, 4], [2, 5], [3, 4]]
   |E|=11  |F|=2  deg=[2, 2, 2, 2, 3, 3, 4, 4]  edges=[[0, 3], [0, 5], [0, 6], [0, 7], [1, 3], [1, 6], [1, 7], [2, 3], [2, 4], [2, 5], [3, 4]]
   |E|=11  |F|=2  deg=[2, 2, 2, 3, 3, 3, 3, 4]  edges=[[0, 4], [0, 5], [0, 6], [0, 7], [1, 3], [1, 6], [1, 7], [2, 3], [2, 4], [2, 5], [3, 4]]
   |E|=11  |F|=2  deg=[2, 2, 2, 2, 3, 3, 4, 4]  edges=[[0, 5], [0, 6], [0, 7], [1, 2], [1, 3], [1, 6], [1, 7], [2, 3], [2, 4], [2, 5], [3, 4]]
   |E|=11  |F|=2  deg=[2, 2, 2, 3, 3, 3, 3, 4]  edges=[[0, 5], [0, 6], [0, 7], [1, 3], [1, 4], [1, 6], [1, 7], [2, 3], [2, 4], [2, 5], [3, 4]]
   |E|=11  |F|=2  deg=[2, 2, 2, 3, 3, 3, 3, 4]  edges=[[0, 3], [0, 5], [0, 6], [0, 7], [1, 5], [1, 6], [1, 7], [2, 3], [2, 4], [2, 5], [3, 4]]
   |E|=11  |F|=2  deg=[2, 2, 2, 2, 2, 4, 4, 4]  edges=[[0, 2], [0, 4], [0, 6], [0, 7], [1, 2], [1, 3], [1, 5], [1, 7], [2, 5], [2, 6], [3, 4]]
   |E|=11  |F|=2  deg=[2, 2, 2, 2, 3, 3, 4, 4]  edges=[[0, 3], [0, 4], [0, 6], [0, 7], [1, 2], [1, 3], [1, 5], [1, 7], [2, 5], [2, 6], [3, 4]]
   |E|=11  |F|=2  deg=[2, 2, 2, 2, 3, 3, 4, 4]  edges=[[0, 3], [0, 4], [0, 6], [0, 7], [1, 3], [1, 4], [1, 5], [1, 7], [2, 5], [2, 6], [3, 4]]
   |E|=11  |F|=2  deg=[2, 2, 2, 2, 3, 3, 4, 4]  edges=[[0, 1], [0, 4], [0, 6], [0, 7], [1, 3], [1, 5], [1, 7], [2, 3], [2, 5], [2, 6], [3, 4]]
   |E|=11  |F|=2  deg=[2, 2, 2, 2, 3, 3, 4, 4]  edges=[[0, 3], [0, 4], [0, 6], [0, 7], [1, 3], [1, 5], [1, 7], [2, 3], [2, 5], [2, 6], [3, 4]]
   |E|=11  |F|=2  deg=[2, 2, 2, 2, 3, 3, 4, 4]  edges=[[0, 4], [0, 6], [0, 7], [1, 2], [1, 3], [1, 5], [1, 7], [2, 3], [2, 5], [2, 6], [3, 4]]
   |E|=11  |F|=2  deg=[2, 2, 2, 3, 3, 3, 3, 4]  edges=[[0, 3], [0, 4], [0, 6], [0, 7], [1, 4], [1, 5], [1, 7], [2, 3], [2, 5], [2, 6], [3, 4]]
   |E|=11  |F|=2  deg=[2, 2, 2, 2, 2, 4, 4, 4]  edges=[[0, 1], [0, 2], [0, 6], [0, 7], [1, 2], [1, 5], [1, 7], [2, 4], [2, 6], [3, 4], [3, 5]]
   |E|=11  |F|=2  deg=[2, 2, 2, 2, 3, 3, 4, 4]  edges=[[0, 1], [0, 3], [0, 6], [0, 7], [1, 2], [1, 5], [1, 7], [2, 4], [2, 6], [3, 4], [3, 5]]
   |E|=11  |F|=2  deg=[2, 2, 2, 2, 3, 3, 4, 4]  edges=[[0, 1], [0, 2], [0, 6], [0, 7], [1, 3], [1, 5], [1, 7], [2, 4], [2, 6], [3, 4], [3, 5]]
   |E|=11  |F|=2  deg=[2, 2, 2, 2, 3, 3, 4, 4]  edges=[[0, 2], [0, 3], [0, 6], [0, 7], [1, 3], [1, 5], [1, 7], [2, 4], [2, 6], [3, 4], [3, 5]]
   |E|=11  |F|=2  deg=[2, 2, 2, 2, 3, 3, 4, 4]  edges=[[0, 1], [0, 4], [0, 6], [0, 7], [1, 2], [1, 3], [1, 7], [2, 6], [3, 4], [3, 5], [4, 5]]
   |E|=11  |F|=2  deg=[2, 2, 2, 3, 3, 3, 3, 4]  edges=[[0, 2], [0, 4], [0, 6], [0, 7], [1, 2], [1, 3], [1, 7], [2, 6], [3, 4], [3, 5], [4, 5]]
   |E|=11  |F|=2  deg=[2, 2, 2, 3, 3, 3, 3, 4]  edges=[[0, 1], [0, 2], [0, 6], [0, 7], [1, 4], [1, 7], [2, 3], [2, 6], [3, 4], [3, 5], [4, 5]]
   |E|=11  |F|=2  deg=[2, 2, 2, 3, 3, 3, 3, 4]  edges=[[0, 1], [0, 6], [0, 7], [1, 2], [1, 4], [1, 7], [2, 3], [2, 6], [3, 4], [3, 5], [4, 5]]
   |E|=11  |F|=2  deg=[2, 2, 3, 3, 3, 3, 3, 3]  edges=[[0, 3], [0, 6], [0, 7], [1, 4], [1, 5], [1, 7], [2, 3], [2, 4], [2, 7], [3, 6], [4, 5]]
   |E|=12  |F|=0  deg=[2, 2, 2, 3, 3, 4, 4, 4]  edges=[[0, 3], [0, 4], [0, 6], [0, 7], [1, 3], [1, 4], [1, 5], [1, 7], [2, 3], [2, 4], [2, 5], [2, 6]]
   |E|=12  |F|=2  deg=[2, 2, 2, 2, 4, 4, 4, 4]  edges=[[0, 3], [0, 5], [0, 6], [0, 7], [1, 2], [1, 3], [1, 6], [1, 7], [2, 3], [2, 4], [2, 5], [3, 4]]
   |E|=12  |F|=2  deg=[2, 2, 2, 3, 3, 4, 4, 4]  edges=[[0, 4], [0, 5], [0, 6], [0, 7], [1, 2], [1, 3], [1, 6], [1, 7], [2, 3], [2, 4], [2, 5], [3, 4]]
   |E|=12  |F|=2  deg=[2, 2, 2, 3, 3, 4, 4, 4]  edges=[[0, 2], [0, 5], [0, 6], [0, 7], [1, 3], [1, 4], [1, 6], [1, 7], [2, 3], [2, 4], [2, 5], [3, 4]]
   |E|=12  |F|=2  deg=[2, 2, 2, 3, 3, 4, 4, 4]  edges=[[0, 3], [0, 5], [0, 6], [0, 7], [1, 3], [1, 4], [1, 6], [1, 7], [2, 3], [2, 4], [2, 5], [3, 4]]
   |E|=12  |F|=2  deg=[2, 2, 2, 3, 3, 4, 4, 4]  edges=[[0, 3], [0, 5], [0, 6], [0, 7], [1, 2], [1, 5], [1, 6], [1, 7], [2, 3], [2, 4], [2, 5], [3, 4]]
   |E|=12  |F|=2  deg=[2, 2, 2, 3, 3, 4, 4, 4]  edges=[[0, 3], [0, 5], [0, 6], [0, 7], [1, 3], [1, 5], [1, 6], [1, 7], [2, 3], [2, 4], [2, 5], [3, 4]]
   |E|=12  |F|=2  deg=[2, 2, 3, 3, 3, 3, 4, 4]  edges=[[0, 4], [0, 5], [0, 6], [0, 7], [1, 3], [1, 5], [1, 6], [1, 7], [2, 3], [2, 4], [2, 5], [3, 4]]
   |E|=12  |F|=2  deg=[2, 2, 2, 2, 4, 4, 4, 4]  edges=[[0, 3], [0, 4], [0, 6], [0, 7], [1, 2], [1, 3], [1, 5], [1, 7], [2, 3], [2, 5], [2, 6], [3, 4]]
   |E|=12  |F|=2  deg=[2, 2, 2, 3, 3, 4, 4, 4]  edges=[[0, 3], [0, 4], [0, 6], [0, 7], [1, 2], [1, 4], [1, 5], [1, 7], [2, 3], [2, 5], [2, 6], [3, 4]]
   |E|=12  |F|=2  deg=[2, 2, 2, 3, 3, 4, 4, 4]  edges=[[0, 3], [0, 4], [0, 6], [0, 7], [1, 3], [1, 4], [1, 5], [1, 7], [2, 3], [2, 5], [2, 6], [3, 4]]
   |E|=12  |F|=2  deg=[2, 2, 2, 2, 4, 4, 4, 4]  edges=[[0, 2], [0, 3], [0, 6], [0, 7], [1, 2], [1, 3], [1, 5], [1, 7], [2, 4], [2, 6], [3, 4], [3, 5]]
   |E|=12  |F|=2  deg=[2, 2, 2, 2, 4, 4, 4, 4]  edges=[[0, 1], [0, 2], [0, 6], [0, 7], [1, 3], [1, 5], [1, 7], [2, 3], [2, 4], [2, 6], [3, 4], [3, 5]]
   |E|=12  |F|=2  deg=[2, 2, 3, 3, 3, 3, 4, 4]  edges=[[0, 2], [0, 4], [0, 6], [0, 7], [1, 2], [1, 3], [1, 6], [1, 7], [2, 6], [3, 4], [3, 5], [4, 5]]
   |E|=12  |F|=2  deg=[2, 2, 2, 3, 3, 4, 4, 4]  edges=[[0, 1], [0, 2], [0, 6], [0, 7], [1, 2], [1, 4], [1, 7], [2, 3], [2, 6], [3, 4], [3, 5], [4, 5]]
   |E|=13  |F|=2  deg=[2, 2, 2, 4, 4, 4, 4, 4]  edges=[[0, 3], [0, 4], [0, 6], [0, 7], [1, 3], [1, 4], [1, 5], [1, 7], [2, 3], [2, 4], [2, 5], [2, 6], [3, 4]]

EXACT number of (R) members whose Gamma has >=3 PMs: 895960064230832198479055951589120
written
